j[phase2, 1, 1, 1, 2, 1, 0, 0] -> -0.07282233894090605792460039285978988567`20.
j[phase2, 1, 1, 1, 1, 1, 0, 0] -> -0.00041087582599271659737008459772306484`20.
j[phase2, 1, 1, 1, 2, 0, 0, 0] -> 0.52707613386144692856902465599485929251`20.
j[phase2, 1, 1, 1, 0, 0, 0, 2] -> 0
j[phase2, 1, 1, 1, 0, 0, 1, 1] -> 0
j[phase2, 1, 1, 1, 0, 0, 1, 2] -> 0
j[phase2, 1, 1, 1, 0, 0, 2, 2] -> 0
j[phase2, 1, 1, 1, 0, 1, 1, 1] -> 0
j[phase2, 1, 1, 1, 0, 1, 2, 1] -> 0
j[phase2, 1, 1, 1, 1, 0, 0, 1] -> 0
j[phase2, 1, 1, 1, 1, 0, 1, 1] -> 0
j[phase2, 1, 1, 1, 1, 1, 0, 1] -> 0
j[phase2, 1, 1, 1, 1, 1, 1, 0] -> 0
j[phase2, 1, 1, 1, 1, 1, 1, 1] -> 0
j[phase2, 1, 1, 1, 1, 2, 1, 0] -> 0
j[phase2, 1, 1, 1, 2, 2, 0, 0] -> 0