j[phase2, 1, 1, 1, 2, 1, 0, 0] -> -2.19929090580593835713756501040175`20.*^-6
j[phase2, 1, 1, 1, 1, 1, 0, 0] -> -0.0000262819476062768178341261546901209`20.
j[phase2, 1, 1, 1, 2, 0, 0, 0] -> 0.00004183749510975785765672830121898795`20.
j[phase2, 1, 1, 1, 0, 0, 0, 2] -> 0
j[phase2, 1, 1, 1, 0, 0, 1, 1] -> 0
j[phase2, 1, 1, 1, 0, 0, 1, 2] -> 0
j[phase2, 1, 1, 1, 0, 0, 2, 2] -> 0
j[phase2, 1, 1, 1, 0, 1, 1, 1] -> 0
j[phase2, 1, 1, 1, 0, 1, 2, 1] -> 0
j[phase2, 1, 1, 1, 1, 0, 0, 1] -> 0
j[phase2, 1, 1, 1, 1, 0, 1, 1] -> 0
j[phase2, 1, 1, 1, 1, 1, 0, 1] -> 0
j[phase2, 1, 1, 1, 1, 1, 1, 0] -> 0
j[phase2, 1, 1, 1, 1, 1, 1, 1] -> 0
j[phase2, 1, 1, 1, 1, 2, 1, 0] -> 0
j[phase2, 1, 1, 1, 2, 2, 0, 0] -> 0