j[phase2, 1, 1, 1, 2, 1, 0, 0] -> -0.00048507806209366059387196268066233797`20.
j[phase2, 1, 1, 1, 1, 1, 0, 0] -> -0.00016477699988154868210454841943707458`20.
j[phase2, 1, 1, 1, 2, 0, 0, 0] -> 0.00524888275189956486761167179732250138`20.
j[phase2, 1, 1, 1, 0, 0, 0, 2] -> 0
j[phase2, 1, 1, 1, 0, 0, 1, 1] -> 0
j[phase2, 1, 1, 1, 0, 0, 1, 2] -> 0
j[phase2, 1, 1, 1, 0, 0, 2, 2] -> 0
j[phase2, 1, 1, 1, 0, 1, 1, 1] -> 0
j[phase2, 1, 1, 1, 0, 1, 2, 1] -> 0
j[phase2, 1, 1, 1, 1, 0, 0, 1] -> 0
j[phase2, 1, 1, 1, 1, 0, 1, 1] -> 0
j[phase2, 1, 1, 1, 1, 1, 0, 1] -> 0
j[phase2, 1, 1, 1, 1, 1, 1, 0] -> 0
j[phase2, 1, 1, 1, 1, 1, 1, 1] -> 0
j[phase2, 1, 1, 1, 1, 2, 1, 0] -> 0
j[phase2, 1, 1, 1, 2, 2, 0, 0] -> 0