j[phase2, 1, 1, 1, 2, 1, 0, 0] -> -0.00680406722391495840410166652706933147`20.
j[phase2, 1, 1, 1, 1, 1, 0, 0] -> -0.00028011415909106222350158677890470333`20.
j[phase2, 1, 1, 1, 2, 0, 0, 0] -> 0.05853949352047429265785465434535736639`20.
j[phase2, 1, 1, 1, 0, 0, 0, 2] -> 0
j[phase2, 1, 1, 1, 0, 0, 1, 1] -> 0
j[phase2, 1, 1, 1, 0, 0, 1, 2] -> 0
j[phase2, 1, 1, 1, 0, 0, 2, 2] -> 0
j[phase2, 1, 1, 1, 0, 1, 1, 1] -> 0
j[phase2, 1, 1, 1, 0, 1, 2, 1] -> 0
j[phase2, 1, 1, 1, 1, 0, 0, 1] -> 0
j[phase2, 1, 1, 1, 1, 0, 1, 1] -> 0
j[phase2, 1, 1, 1, 1, 1, 0, 1] -> 0
j[phase2, 1, 1, 1, 1, 1, 1, 0] -> 0
j[phase2, 1, 1, 1, 1, 1, 1, 1] -> 0
j[phase2, 1, 1, 1, 1, 2, 1, 0] -> 0
j[phase2, 1, 1, 1, 2, 2, 0, 0] -> 0