j[phase2, 1, 1, 1, 2, 1, 0, 0] -> -0.00004075317833664225771968142877023163`20.
j[phase2, 1, 1, 1, 1, 1, 0, 0] -> -0.00008513863776506302562581424833556695`20.
j[phase2, 1, 1, 1, 2, 0, 0, 0] -> 0.00056896294323982686794961009862038382`20.
j[phase2, 1, 1, 1, 0, 0, 0, 2] -> 0
j[phase2, 1, 1, 1, 0, 0, 1, 1] -> 0
j[phase2, 1, 1, 1, 0, 0, 1, 2] -> 0
j[phase2, 1, 1, 1, 0, 0, 2, 2] -> 0
j[phase2, 1, 1, 1, 0, 1, 1, 1] -> 0
j[phase2, 1, 1, 1, 0, 1, 2, 1] -> 0
j[phase2, 1, 1, 1, 1, 0, 0, 1] -> 0
j[phase2, 1, 1, 1, 1, 0, 1, 1] -> 0
j[phase2, 1, 1, 1, 1, 1, 0, 1] -> 0
j[phase2, 1, 1, 1, 1, 1, 1, 0] -> 0
j[phase2, 1, 1, 1, 1, 1, 1, 1] -> 0
j[phase2, 1, 1, 1, 1, 2, 1, 0] -> 0
j[phase2, 1, 1, 1, 2, 2, 0, 0] -> 0